CFTC_Contract_Market_Code,Report_Date_as_YYYY-MM-DD,Open_Interest_All,Dealer_Positions_Long_All,Dealer_Positions_Short_All,Asset_Mgr_Positions_Long_All,Asset_Mgr_Positions_Short_All,Lev_Money_Positions_Long_All,Lev_Money_Positions_Short_All
209742,2006-06-13,598465,305538,95367,17444,51983,92551,233860
209742,2006-06-20,331256,208946,54232,16929,57607,28929,164327
209742,2006-06-27,352844,222563,61031,14021,59702,36427,175983
209742,2006-07-03,325610,166594,80999,22566,59460,32152,130671
209742,2006-07-11,342671,171295,73224,16175,55117,64085,152630
209742,2006-07-18,426672,247907,98254,13578,60731,62502,183722
209742,2006-07-25,418976,241097,96638,13361,63631,60120,173832
209742,2006-08-01,420045,265176,99202,14040,61166,73040,186685
209742,2006-08-08,435921,258607,102765,17429,61750,80735,181351
209742,2006-08-15,436324,219034,117370,17918,56418,101633,180376
209742,2006-08-22,413528,195067,125825,16885,53175,94532,151506
209742,2006-08-29,401969,190683,130884,18102,53246,99943,159068
209742,2006-09-05,410662,190808,130859,16275,53379,109368,161031
209742,2006-09-12,554206,193681,121440,20315,51569,121649,178294
209742,2006-09-19,383393,182417,110147,22811,50675,109834,113322
209742,2006-09-26,430416,200023,123041,25881,50495,126782,152936
209742,2006-10-03,430732,196998,124331,26182,51135,149391,154194
209742,2006-10-10,463295,195332,154807,36241,50758,153379,157088
209742,2006-10-17,486123,177134,188417,32015,50721,161579,106983
209742,2006-10-24,431235,155882,151740,28915,53217,136917,100855
209742,2006-10-31,430345,98538,138373,28989,53825,140927,102887
209742,2006-11-07,473590,97225,147393,32068,52435,173438,125495
209742,2006-11-14,492403,94129,171847,33198,50882,190145,128211
209742,2006-11-21,542633,101536,232419,28513,46890,208577,123835
209742,2006-11-28,511004,105874,212056,30014,47328,180558,112644
209742,2006-12-05,532332,114410,228910,32918,49238,176706,96356
209742,2006-12-12,607635,105400,219202,35294,44485,161471,105717
209742,2006-12-19,311209,46059,111911,35385,38678,167611,86070
209742,2006-12-26,320899,58629,100736,31037,38768,166119,94346
209742,2007-01-03,359107,78983,95645,38097,38533,173048,105594
209742,2007-01-09,338155,72958,109553,27142,39414,161918,72077
209742,2007-01-16,377805,70196,154492,32386,30746,198387,100876
209742,2007-01-23,385115,71924,166557,34354,31369,202367,97123
209742,2007-01-30,330592,89269,121044,40575,28340,132214,92816
209742,2007-02-06,335224,119677,95294,35630,28212,106487,111422
209742,2007-02-13,358493,138712,102512,37048,31296,108518,114808
209742,2007-02-20,366428,118743,117652,37076,26870,137684,114558
209742,2007-02-27,379075,138162,105844,38189,26644,107686,131741
209742,2007-03-06,438592,218609,110467,32326,30366,86464,133604
209742,2007-03-13,599120,275765,108344,29831,23791,84067,173003
209742,2007-03-20,329880,202421,67135,32897,26481,45810,147357
209742,2007-03-27,331474,175738,86795,35785,19391,60070,138025
209742,2007-04-03,350189,160321,85386,33935,20876,82073,150214
209742,2007-04-10,379259,187220,104849,41308,17724,73775,160215
209742,2007-04-17,392546,180013,109047,41831,20143,85918,155642
209742,2007-04-24,429952,164223,118222,41713,22877,124051,154541
209742,2007-05-01,459779,133310,152917,41779,24587,177312,144057
209742,2007-05-08,473906,139802,171148,42389,20027,180692,147672
209742,2007-05-15,458310,144920,152959,39349,21551,174862,152787
209742,2007-05-22,472751,143906,175849,46353,20855,175495,151203
209742,2007-05-29,455492,175268,152590,46040,25546,141879,153354
209742,2007-06-05,477255,178403,146492,46754,20719,158211,179067
209742,2007-06-12,605929,214927,152500,48355,25499,153445,202471
209742,2007-06-19,357164,113163,148649,48218,29493,137840,105713
209742,2007-06-26,368787,125518,155497,58781,22017,118643,112000
209742,2007-07-03,395201,131434,180851,54344,18833,145456,125037
209742,2007-07-10,395988,127109,159351,51878,19617,143398,139035
209742,2007-07-17,416450,131453,171611,50395,20402,147653,157665
209742,2007-07-24,442654,114953,214222,61644,16211,166959,153680
209742,2007-07-31,450054,128308,211714,62951,22854,156999,158164
209742,2007-08-07,450183,147355,199575,55991,24303,125056,160176
209742,2007-08-14,429354,156436,181914,55232,26342,93439,165582
209742,2007-08-21,418030,163957,151495,44322,17037,86133,185056
209742,2007-08-28,410512,168329,143357,42210,23086,95718,184431
209742,2007-09-04,438432,168552,180291,59496,23850,82489,156241
209742,2007-09-11,488863,172477,207878,58163,26158,104116,159036
209742,2007-09-18,573788,187786,236221,62482,24563,115700,156753
209742,2007-09-25,325577,54843,105182,61867,24109,104927,122237
209742,2007-10-02,376929,48245,135441,64119,26686,132580,125629
209742,2007-10-09,406680,55468,158624,64848,9460,140592,129428
209742,2007-10-16,421054,55972,199446,82781,6166,153861,116883
209742,2007-10-23,429715,66570,202345,89597,2414,162954,131079
209742,2007-10-30,432608,74785,209173,94178,5056,148010,116499
209742,2007-11-06,448210,72398,211356,98323,4984,152503,122080
209742,2007-11-13,438287,86621,179608,91237,5922,126391,131645
209742,2007-11-20,432349,106833,150816,89481,8009,110846,139958
209742,2007-11-27,428044,109380,129747,74333,18820,118250,149929
209742,2007-12-04,417364,116553,133861,71966,16695,100581,140028
209742,2007-12-11,443585,131263,129252,71787,19389,86090,151215
209742,2007-12-18,545657,131436,134713,74585,7139,86753,140503
209742,2007-12-24,282512,75378,63288,71189,9218,53884,130471
209742,2007-12-31,283298,68645,62341,79686,9933,62599,138254
209742,2008-01-08,334132,81407,77830,68595,15325,95562,171437
209742,2008-01-15,358574,100497,86582,62496,17520,108056,174488
209742,2008-01-22,376145,82714,108017,53085,20271,113341,133391
209742,2008-01-29,363387,117902,113164,51544,15293,100908,142743
209742,2008-02-05,385806,125424,113411,50242,19191,122632,156734
209742,2008-02-12,408292,165614,113591,50453,19034,89125,168618
209742,2008-02-19,441283,195484,120302,51080,24617,104018,192631
209742,2008-02-26,414057,174067,120842,48046,25843,102870,171713
209742,2008-03-04,451704,185083,124651,52582,32195,113701,192863
209742,2008-03-11,441298,156296,125905,49977,35811,128485,170191
209742,2008-03-18,579724,175109,126626,48170,13876,111220,191448
209742,2008-03-25,309092,123035,79448,51176,19749,69239,163514
209742,2008-04-01,309395,127765,84462,55689,20280,54078,156915
209742,2008-04-08,312236,137813,92981,57718,18190,44841,144718
209742,2008-04-15,313185,137930,93910,59356,23188,45835,138441
209742,2008-04-22,320206,128097,106847,65404,19954,42983,113344
209742,2008-04-29,339755,131137,129691,66544,20691,55501,96331
209742,2008-05-06,369548,138009,155112,76806,20750,73057,107207
209742,2008-05-13,380316,132293,168631,76214,17307,88558,107362
209742,2008-05-20,372819,140405,153282,74421,19313,71698,116266
209742,2008-05-27,382400,138820,186518,74023,19284,100701,95809
209742,2008-06-03,372626,143291,159396,74065,20904,75799,107811
209742,2008-06-10,391735,129723,164426,66415,21027,90748,108039
209742,2008-06-17,473192,133142,162244,66644,22901,105266,129099
209742,2008-06-24,269503,45990,98876,64870,16851,95528,85079
209742,2008-07-01,298622,56121,109603,55235,25215,117346,87977
209742,2008-07-08,306726,75038,97546,49165,32364,118462,92955
209742,2008-07-15,303235,73799,93282,45625,32763,119241,95594
209742,2008-07-22,324721,97927,86124,49529,22860,111862,130035
209742,2008-07-29,326574,92756,88530,43072,22980,125916,132140
209742,2008-08-05,308577,85790,78944,40226,26013,123395,120328
209742,2008-08-12,334779,100360,97292,44706,23751,120045,128143
209742,2008-08-19,342299,95383,119827,44275,25482,126054,111857
209742,2008-08-26,322022,94063,107780,43473,26973,108139,102462
209742,2008-09-02,323205,91825,95037,41961,26872,108972,112586
209742,2008-09-09,356462,114338,95363,34460,39924,131024,140915
209742,2008-09-16,434630,107135,107634,27616,39906,132746,126273
209742,2008-09-23,282666,106801,81796,32360,51879,80386,97062
209742,2008-09-30,304584,104567,99923,26151,49137,81799,85616
209742,2008-10-07,381376,100540,135994,29947,95479,140885,72809
209742,2008-10-14,387668,124846,119647,48066,69911,114345,118710
209742,2008-10-21,407292,118260,119631,45397,72327,145953,145160
209742,2008-10-28,409077,99047,136729,46802,70745,147850,115020
209742,2008-11-04,351396,100321,131812,47021,53752,97555,98142
209742,2008-11-11,363166,100779,134132,38926,60264,114904,92075
209742,2008-11-18,363973,101653,132632,44635,66776,111443,87908
209742,2008-11-25,363610,103255,98793,28078,74790,114603,92259
209742,2008-12-02,347268,105125,115269,30089,71718,112324,84607
209742,2008-12-09,350273,128065,111818,17831,72664,103419,86069
209742,2008-12-16,397431,109797,121787,24950,66879,100838,80114
209742,2008-12-22,222702,98508,48343,32636,60755,32269,59413
209742,2008-12-30,229980,92103,56831,29944,61315,44498,57996
209742,2009-01-06,221422,95396,55564,29362,57921,42216,54899
209742,2009-01-13,246708,116625,57092,27521,58226,42895,60252
209742,2009-01-20,268252,139523,57247,25545,66286,48052,65737
209742,2009-01-27,248360,124204,56398,25682,68486,49246,58480
209742,2009-02-03,257135,114051,59392,33546,61513,56772,70293
209742,2009-02-10,266329,107795,74994,44765,55953,56766,66365
209742,2009-02-17,295777,130304,76817,46840,58279,57397,83689
209742,2009-02-24,299235,126002,91552,51413,54755,57278,77027
209742,2009-03-03,312091,138670,97271,46946,59203,65981,84579
209742,2009-03-10,330184,161125,84196,42175,63509,54036,92794
209742,2009-03-17,398815,165317,77232,33160,66950,57827,95901
209742,2009-03-24,236219,104114,47454,31597,60768,46347,69632
209742,2009-03-31,241100,69976,56418,31004,61936,71418,55222
209742,2009-04-07,239199,71108,54950,44308,57095,60009,62032
209742,2009-04-14,245377,81168,67091,47282,56856,56024,58836
209742,2009-04-21,265772,68378,86295,49320,54567,85852,59045
209742,2009-04-28,274769,81918,78543,36656,53713,89597,68194
209742,2009-05-05,283463,95309,81219,45992,48542,80609,80652
209742,2009-05-12,286699,86023,67620,48059,48483,78006,76024
209742,2009-05-19,291426,58540,73580,39464,52415,109252,67488
209742,2009-05-26,302106,73846,77270,40126,47160,109902,75852
209742,2009-06-02,282867,84490,70044,39843,52167,92086,72325
209742,2009-06-09,281986,87212,68249,39428,43545,83554,77953
209742,2009-06-16,389999,86181,74487,44233,58764,105749,81887
209742,2009-06-23,235355,73522,66994,37994,56925,78008,63790
209742,2009-06-30,240885,68391,66483,35800,51023,81613,70376
209742,2009-07-07,247976,91017,60419,35692,53835,62318,76891
209742,2009-07-14,253455,94015,53715,32345,53372,68865,87887
209742,2009-07-21,279908,94214,49871,33184,50110,74572,108332
209742,2009-07-28,305032,80835,62795,40420,45931,107808,125668
209742,2009-08-04,315907,82593,85444,42273,42478,118856,116483
209742,2009-08-11,336208,83766,87831,46395,42797,134477,131161
209742,2009-08-18,325375,94693,87255,45237,39932,125809,136325
209742,2009-08-25,332249,99011,74585,47897,35525,109859,147717
209742,2009-09-01,347853,129337,57863,44839,46210,91375,154165
209742,2009-09-08,364640,120299,57656,47384,58488,113580,165410
209742,2009-09-15,414100,125728,63719,50140,56728,107348,176214
209742,2009-09-22,288165,94471,46510,39214,55654,96910,142910
209742,2009-09-29,314232,89780,63512,45655,56194,119198,149435
209742,2009-10-06,332087,94561,66098,43820,57914,131892,164170
209742,2009-10-13,314609,98958,47282,46946,56226,102720,169814
209742,2009-10-20,322237,117612,49261,51962,54812,81260,171593
209742,2009-10-27,326953,122576,56709,47527,66053,93111,159150
209742,2009-11-03,316078,123961,50356,40057,78323,95219,150438
209742,2009-11-09,301986,122011,45971,45607,61451,89947,147723
209742,2009-11-17,329448,124455,72718,46065,53226,109511,155750
209742,2009-11-24,354093,133084,85685,48251,55075,118116,166123
209742,2009-12-01,364089,138151,87543,44616,54974,127143,174265
209742,2009-12-08,349639,142917,72347,51589,54877,104414,166273
209742,2009-12-15,443515,142438,90162,55820,53003,123622,168685
209742,2009-12-22,274954,63820,69633,35380,58274,120474,81274
209742,2009-12-29,294737,72509,80114,37690,55441,128724,93026
209742,2010-01-05,309733,75356,88761,39653,48384,134757,104979
209742,2010-01-12,307193,87533,68961,45865,49160,110501,117804
209742,2010-01-19,340412,83174,79718,45222,48356,145831,137851
209742,2010-01-26,361261,122991,46779,40760,122043,133523,112810
209742,2010-02-02,410873,153197,38195,36221,169958,148363,115377
209742,2010-02-09,386282,149481,39867,34511,131442,137776,126078
209742,2010-02-16,397418,150192,43293,34549,133546,156163,135712
209742,2010-02-23,413304,147519,48756,32242,142419,178261,142063
209742,2010-03-02,404426,125103,54218,35041,141935,183886,128906
209742,2010-03-09,411761,123189,62879,34806,98321,193365,170133
209742,2010-03-16,416112,100580,80236,32981,51754,173310,159845
209742,2010-03-23,287475,33891,83345,38051,45100,150650,96664
209742,2010-03-30,292716,32292,85531,50456,45409,152483,105130
209742,2010-04-06,300667,37276,93187,54270,46956,155425,101626
209742,2010-04-13,308541,43714,95103,57413,45133,153674,108260
209742,2010-04-20,328384,46845,100179,68483,45840,151083,121883
209742,2010-04-27,372309,51210,122656,88607,47310,156673,131608
209742,2010-05-04,373149,54809,117477,84837,49920,152419,136544
209742,2010-05-11,348508,20110,97429,79447,54959,126662,121245
209742,2010-05-18,344011,25969,91872,81626,59297,121188,121144
209742,2010-05-25,350891,33630,97883,74198,69107,122998,104718
209742,2010-06-01,347424,54899,82103,76944,71844,98943,114756
209742,2010-06-08,368180,73309,72584,72559,94075,98535,122260
209742,2010-06-15,458495,72788,64774,73333,109589,98248,115131
209742,2010-06-22,289227,92635,85725,62087,91618,83269,57453
209742,2010-06-29,298025,101673,89066,68913,95875,76919,56826
209742,2010-07-06,305231,115796,63788,74617,102057,67167,79037
209742,2010-07-13,316016,119344,43685,80742,100724,65427,99515
209742,2010-07-20,315026,116519,59341,78431,103275,70708,76181
209742,2010-07-27,323932,119963,74250,83094,101260,73387,78876
209742,2010-08-03,347797,119487,98392,74726,108122,102368,78165
209742,2010-08-10,362373,122227,104411,77064,105909,113755,88090
209742,2010-08-17,347043,131785,73429,59402,110689,107082,90719
209742,2010-08-24,352705,154355,54232,60031,117789,90407,105097
209742,2010-08-31,357315,173081,55105,54054,121266,85215,104096
209742,2010-09-07,349561,164808,49289,56972,116934,81569,105853
209742,2010-09-14,472288,146996,70114,88406,113345,102607,127276
209742,2010-09-21,346065,85736,128011,99150,87654,99311,75139
209742,2010-09-28,412807,79097,175019,99272,89164,166837,92968
209742,2010-10-05,459878,82192,205991,102346,89420,203595,111893
209742,2010-10-12,443019,92887,194785,106747,86946,174734,105080
209742,2010-10-19,432080,94974,199645,111696,85361,153330,96160
209742,2010-10-26,453896,94336,210237,117069,85653,173630,105786
209742,2010-11-02,442944,84128,198460,123288,86251,167546,106707
209742,2010-11-09,435008,91262,193966,131864,83384,152329,105225
209742,2010-11-16,465344,92780,190422,117961,82774,186259,119039
209742,2010-11-23,413327,94293,175484,110088,82482,148263,98860
209742,2010-11-30,402007,93712,166632,103865,80410,146907,81003
209742,2010-12-07,412606,97656,186260,110524,78579,143571,80822
209742,2010-12-14,520747,97447,197343,111475,56746,143541,97341
209742,2010-12-21,333555,28855,212601,105524,38031,137704,42432
209742,2010-12-28,323261,27267,204981,108839,37765,126480,43200
209742,2011-01-04,358757,27814,214595,123963,37578,138007,65421
209742,2011-01-11,354431,30057,206664,130273,37365,132654,66015
209742,2011-01-18,375996,31791,213783,130480,37952,146640,76003
209742,2011-01-25,383350,33283,216942,120478,43240,160158,76584
209742,2011-02-01,366300,38326,207194,97858,41604,156996,68286
209742,2011-02-08,350582,35770,191445,116566,36071,122096,71219
209742,2011-02-15,354378,33380,190366,118010,37412,123955,69467
209742,2011-02-22,373325,34183,197714,119555,36553,150558,80463
209742,2011-03-01,360389,41620,186251,96514,36636,134526,77867
209742,2011-03-08,363766,41189,186434,93488,37167,148549,80110
209742,2011-03-15,428273,66997,171081,79307,45513,137648,79903
209742,2011-03-22,274824,80772,128202,68703,45806,73268,55781
209742,2011-03-29,314742,77505,147048,69205,49004,115491,77043
209742,2011-04-05,360997,70544,169525,79544,45741,150588,107275
209742,2011-04-12,336108,70834,146308,73709,48348,129327,102717
209742,2011-04-19,315826,79195,141155,68295,52464,103667,78947
209742,2011-04-26,365429,76505,164038,79380,56796,142243,101308
209742,2011-05-03,412576,75294,188763,81718,52414,185232,129060
209742,2011-05-10,399383,76236,188257,77070,53714,187038,122951
209742,2011-05-17,362823,80333,155152,80507,70959,142158,98775
209742,2011-05-24,344740,83565,148792,73334,71656,128571,84374
209742,2011-05-31,351232,82870,152191,69002,71787,137439,84193
209742,2011-06-07,340737,90291,126221,73930,79684,106443,76026
209742,2011-06-14,401154,102291,116082,65050,97152,98149,83841
209742,2011-06-21,270658,90973,95198,65202,73514,64032,77116
209742,2011-06-28,267870,92957,96882,58261,40097,65790,83628
209742,2011-07-05,292653,84790,115214,59999,34827,92692,93737
209742,2011-07-12,356267,77574,168292,59747,35437,163559,112268
209742,2011-07-19,363827,76583,173040,65181,37096,176274,113455
209742,2011-07-26,364339,78940,172066,70078,30945,160413,112080
209742,2011-08-02,353814,74975,159923,70381,37845,152193,101371
209742,2011-08-09,329768,79135,154169,74658,54978,126461,65174
209742,2011-08-16,342998,122205,143701,68612,59490,86862,84860
209742,2011-08-23,360396,137231,154104,65316,63982,89333,82054
209742,2011-08-30,372851,154308,158653,66766,53912,85799,97497
209742,2011-09-06,392734,148893,152538,82538,89962,91262,91750
209742,2011-09-13,473798,155590,144443,99381,120214,97794,98641
209742,2011-09-20,309930,92046,89096,95813,108267,78140,69866
209742,2011-09-27,316586,104231,85481,96624,98313,81439,68610
209742,2011-10-04,322866,107658,77610,91931,106137,81428,62786
209742,2011-10-11,299005,96322,89049,93287,86683,74820,53350
209742,2011-10-18,324594,91942,122332,105949,76424,84674,53527
209742,2011-10-25,337429,82440,130849,112018,74885,103454,58701
209742,2011-11-01,339730,85501,151008,109369,59094,100726,46402
209742,2011-11-08,346543,83853,148610,110053,44887,108524,59085
209742,2011-11-15,346653,83877,150902,105369,45914,110976,57191
209742,2011-11-22,320368,88009,117177,95741,46169,93368,56010
209742,2011-11-29,295643,88506,105786,92235,47093,78533,43650
209742,2011-12-06,321602,90677,128865,104076,45428,86588,50788
209742,2011-12-13,412713,99212,141050,113201,52625,103754,57873
209742,2011-12-20,255825,44005,124830,101083,49848,65310,43721
209742,2011-12-27,255983,40313,124526,101602,47762,62405,41110
209742,2012-01-03,264654,40960,132522,99490,49257,70617,39714
209742,2012-01-10,298290,35921,156217,118208,47279,89121,53004
209742,2012-01-17,328260,32477,173356,124092,47267,114678,62605
209742,2012-01-24,375509,35782,207927,126700,46812,146708,78062
209742,2012-01-31,382193,42821,222986,130885,46240,157382,67099
209742,2012-02-07,385405,42379,224239,114087,45546,175389,69850
209742,2012-02-14,437643,35258,246813,144147,44821,195570,89503
209742,2012-02-21,462415,26353,286642,158467,44401,228617,74836
209742,2012-02-28,481256,30323,302993,166042,45989,233415,72340
209742,2012-03-06,480559,28414,294625,161295,44189,234812,75261
209742,2012-03-13,587569,29270,317267,164572,49614,250436,58914
209742,2012-03-20,441701,20079,253307,160246,41043,216701,76658
209742,2012-03-27,435674,20632,240684,160107,36463,205488,74242
209742,2012-04-03,447118,26361,255334,158717,36377,214776,67924
209742,2012-04-10,449201,25072,249453,158697,37363,214794,76787
209742,2012-04-17,440192,23714,254866,161319,40451,209218,69571
209742,2012-04-24,416133,24605,242214,161968,39790,182680,66668
209742,2012-05-01,409777,36454,231280,163445,36981,160771,68992
209742,2012-05-08,417971,52205,205863,150908,42296,160256,90841
209742,2012-05-15,405222,42637,200465,138396,41239,177230,97526
209742,2012-05-22,395117,52280,185372,136235,44482,156954,87473
209742,2012-05-29,379569,61739,174384,127056,44661,147478,92321
209742,2012-06-05,382912,62777,168116,128475,44020,149781,101894
209742,2012-06-12,462707,47998,170613,152073,45081,134806,93470
209742,2012-06-19,329850,19837,204178,170459,43978,92450,48133
209742,2012-06-26,339283,24870,208236,175678,45165,91188,49171
209742,2012-07-03,353795,22470,231401,172025,42525,109564,44159
209742,2012-07-10,348944,22564,223449,183385,44282,95240,41609
209742,2012-07-17,339460,28083,219899,174176,44496,89310,38512
209742,2012-07-24,352606,28081,220415,178866,45279,102316,45932
209742,2012-07-31,368502,29037,237134,172282,43814,123329,50935
209742,2012-08-07,392754,28121,254310,172498,43807,146123,53599
209742,2012-08-14,409963,26706,266167,177396,43024,157426,59142
209742,2012-08-21,439683,23969,295346,183747,40850,183328,50967
209742,2012-08-28,460255,21535,310742,194526,41814,195967,49011
209742,2012-09-04,460702,21584,313255,192723,42811,196811,42795
209742,2012-09-11,464897,21684,319075,191280,41579,186464,35117
209742,2012-09-18,597830,22286,309142,193581,36729,170781,34161
209742,2012-09-25,410237,16091,301043,178560,38047,159281,33025
209742,2012-10-02,412593,17059,284583,172059,38812,156275,38776
209742,2012-10-09,398792,18380,256886,166980,37518,148155,53000
209742,2012-10-16,389596,27335,256544,163609,36858,139306,42696
209742,2012-10-23,370909,34307,234134,160095,38525,115875,49495
209742,2012-10-30,371266,41245,237127,155234,38756,117177,48337
209742,2012-11-06,360969,51659,227502,154464,49022,110185,43988
209742,2012-11-13,362170,77922,214600,128983,54286,110108,48198
209742,2012-11-20,400482,130301,219318,114161,54288,105977,79901
209742,2012-11-27,399627,129714,217980,110065,53773,104971,80844
209742,2012-12-04,388338,92475,222791,110336,49050,129046,68110
209742,2012-12-11,402918,69777,235441,117552,45705,154375,66766
209742,2012-12-18,469488,67848,236265,120531,40007,145144,66475
209742,2012-12-24,294127,14658,153671,129496,35648,103014,72405
209742,2012-12-31,281304,12613,138750,129716,36044,92057,74055
209742,2013-01-08,300637,12230,172735,135820,31297,102873,59289
209742,2013-01-15,309462,12414,176421,139465,31266,104484,61715
209742,2013-01-22,315830,11334,186329,137723,31025,113354,57392
209742,2013-01-29,330228,14033,199744,145418,29221,119298,57011
209742,2013-02-05,335692,11520,202251,156468,28565,123896,56710
209742,2013-02-12,334566,14564,199968,157235,27682,115089,62662
209742,2013-02-19,348464,14085,207726,159927,27671,128007,66484
209742,2013-02-26,331754,12400,182953,150872,28763,118889,70400
209742,2013-03-05,354078,12645,193885,141848,32962,137611,72728
209742,2013-03-12,456616,13850,205285,147477,31820,146768,73203
209742,2013-03-19,340205,7834,239980,158718,34787,126204,36475
209742,2013-03-26,348334,8211,245646,150177,34159,144862,37599
209742,2013-04-02,377618,8072,270186,157929,27858,164336,46848
209742,2013-04-09,351702,9484,239864,151698,28147,139821,42644
209742,2013-04-16,368562,15371,258822,160570,27971,144623,43972
209742,2013-04-23,353662,18876,244471,156758,27770,128352,39332
209742,2013-04-30,390625,16376,278817,157983,26066,166671,38749
209742,2013-05-07,409077,17048,281509,168647,30951,166233,41713
209742,2013-05-14,413475,18848,283007,174046,31222,163739,41113
209742,2013-05-21,418325,20840,290891,174882,30092,161929,37219
209742,2013-05-28,436070,19442,317844,194746,30258,167229,34535
209742,2013-06-04,430036,21654,308362,194583,26264,154647,33902
209742,2013-06-11,389245,27304,268206,174052,25690,128904,34474
209742,2013-06-18,457197,26719,271475,168909,25667,138164,38674
209742,2013-06-25,300143,10058,205831,152073,25365,90773,26922
209742,2013-07-02,307520,11306,208358,159336,25449,96382,31927
209742,2013-07-09,320019,6824,219088,158938,25892,107484,32322
209742,2013-07-16,366666,5396,251783,176782,25032,134682,38708
209742,2013-07-23,396217,7749,280347,176869,24457,161524,41367
209742,2013-07-30,398917,6781,281865,176365,22191,168109,39375
209742,2013-08-06,405851,7157,290087,176973,21357,172816,39543
209742,2013-08-13,419004,8932,304425,190907,21365,168362,41991
209742,2013-08-20,387693,8663,280181,181630,23172,146660,31198
209742,2013-08-27,368216,9401,256173,168822,23455,144546,33354
209742,2013-09-03,350631,8446,238072,155516,23798,139448,33224
209742,2013-09-10,359909,11803,239975,158499,22795,136924,34127
209742,2013-09-17,463690,14633,260353,166814,28733,155024,38401
209742,2013-09-24,391382,10546,314129,178001,20363,157644,25825
209742,2013-10-01,401871,9446,315879,178688,23823,167474,26518
209742,2013-10-08,378129,11446,291882,169181,23455,148714,29685
209742,2013-10-15,369896,8601,292994,172091,22440,143859,25186
209742,2013-10-22,367286,8336,280679,179557,21934,134707,25057
209742,2013-10-29,394689,11845,304012,194906,21474,142704,28290
209742,2013-11-05,420610,18629,334725,196592,18441,157383,25658
209742,2013-11-12,397285,13687,311221,192099,18660,145457,30484
209742,2013-11-19,397534,19427,316369,188572,18138,143154,20838
209742,2013-11-26,411044,22475,320661,186841,18411,157146,28153
209742,2013-12-03,429079,26120,329489,193043,18375,161066,33883
209742,2013-12-10,423461,31430,323069,186318,17841,147951,24248
209742,2013-12-17,517013,30778,345197,190054,17795,159284,28297
209742,2013-12-24,413523,56608,334741,187667,17643,124676,30153
209742,2013-12-31,419637,63364,339856,192552,17677,121231,30400
209742,2014-01-07,432342,66403,310932,191423,18417,126031,58989
209742,2014-01-14,431180,58887,288789,189439,19128,133083,67188
209742,2014-01-21,423596,56967,340606,187883,18437,125500,24489
209742,2014-01-28,428422,50838,337115,185737,24327,132943,31273
209742,2014-02-04,397238,51285,306446,170868,22159,115081,29902
209742,2014-02-11,405971,54516,301570,186415,20056,108553,39432
209742,2014-02-18,436373,59240,317738,188384,20958,127133,41745
209742,2014-02-25,460568,60120,343793,188005,20573,151345,45612
209742,2014-03-04,475074,60196,359001,200581,19648,155368,47880
209742,2014-03-11,467493,66552,349047,197280,19692,138640,43420
209742,2014-03-18,545159,68981,344632,184297,20438,143388,46260
209742,2014-03-25,378710,26742,279197,187565,20263,113920,44795
209742,2014-04-01,366668,24278,267903,171128,21777,112830,44581
209742,2014-04-08,371802,30870,234734,162506,23090,103499,81345
209742,2014-04-15,350529,35784,213881,153394,31130,93076,66279
209742,2014-04-22,328921,31431,180711,147991,34282,79772,72382
209742,2014-04-29,348922,31548,186600,145082,41523,94052,79383
209742,2014-05-06,347676,29319,177204,137647,42986,101001,84313
209742,2014-05-13,361384,32622,177300,139004,41524,102228,98618
209742,2014-05-20,353944,37001,170012,138639,40370,89694,99749
209742,2014-05-27,350156,35288,176832,143862,31842,101001,86762
209742,2014-06-03,368538,32907,188726,145775,33042,106384,83563
209742,2014-06-10,364774,36369,191414,146562,33050,96019,65948
209742,2014-06-17,479145,40418,203856,147798,33911,102888,61876
209742,2014-06-24,342676,25893,209474,177620,29501,92081,47198
209742,2014-07-01,358922,25485,205766,181561,29601,93115,60376
209742,2014-07-08,360969,24760,215268,190012,28291,90868,59461
209742,2014-07-15,358224,25563,211973,193512,26336,87887,60807
209742,2014-07-22,362936,27820,221834,187806,25917,97055,55854
209742,2014-07-29,373435,29684,226163,193913,26566,100711,60879
209742,2014-08-05,361091,29137,216697,180813,28366,99770,58119
209742,2014-08-12,344332,33350,203290,165934,33906,94897,50534
209742,2014-08-19,358871,38470,201533,165671,30160,92649,67922
209742,2014-08-26,360386,34630,195242,158799,29602,104380,69566
209742,2014-09-02,367413,35399,200815,165571,29927,103600,70277
209742,2014-09-09,365790,30311,201721,165329,29118,103196,64405
209742,2014-09-16,507516,27154,209328,164470,29438,113286,71385
209742,2014-09-23,377838,19703,242223,188210,29905,115850,45963
209742,2014-09-30,378107,14802,245288,182728,30451,125818,45632
209742,2014-10-07,375071,17309,245476,177633,34956,130376,39618
209742,2014-10-14,365555,20539,228798,174435,32419,119195,53214
209742,2014-10-21,322938,21824,184507,159154,32628,83296,52968
209742,2014-10-28,327867,22327,191926,159063,31775,81222,50017
209742,2014-11-04,340285,20088,214938,162948,29472,97003,49199
209742,2014-11-11,347041,18578,225152,171773,29169,106181,45094
209742,2014-11-18,365218,18983,225960,180778,29117,109276,52831
209742,2014-11-25,369453,23263,220733,179632,28595,108919,50122
209742,2014-12-02,381828,23916,227528,185600,29418,114657,61619
209742,2014-12-09,384883,23412,228152,184849,30764,117270,60824
209742,2014-12-16,447764,21364,216489,167865,32155,127328,66211
209742,2014-12-23,340204,14143,206102,172843,28351,95936,71963
209742,2014-12-30,334697,16841,204569,166063,27838,92457,68320
209742,2015-01-06,336023,16350,204438,165429,28984,95550,65556
209742,2015-01-13,316911,13371,188394,147158,28074,94897,61258
209742,2015-01-20,305680,14737,177065,139319,34356,87298,58305
209742,2015-01-27,301513,19980,178451,131450,33866,86137,56276
209742,2015-02-03,301683,27094,180381,129752,34217,81067,47795
209742,2015-02-10,314616,24908,185797,128819,34245,93859,55754
209742,2015-02-17,330495,15152,201149,141967,31323,105876,57611
209742,2015-02-24,343761,11804,208215,146103,31468,120251,60868
209742,2015-03-03,350139,12387,213764,153469,31875,127703,61838
209742,2015-03-10,349658,14674,210513,144591,37353,129612,55020
209742,2015-03-17,404598,19314,203058,134546,37812,112411,44500
209742,2015-03-24,334803,14308,229233,153089,28052,111172,42437
209742,2015-03-31,319836,14059,212040,154608,27366,91329,37010
209742,2015-04-07,319792,14123,212683,150820,28114,94399,39905
209742,2015-04-14,330619,12962,221309,155133,28174,106998,44599
209742,2015-04-21,333550,13377,218701,154287,29996,110221,46865
209742,2015-04-28,365930,10316,232022,154490,27107,139616,61527
209742,2015-05-05,341880,15331,207361,148695,27203,112841,49729
209742,2015-05-12,309386,16826,190944,137846,27269,97549,51933
209742,2015-05-19,318845,16652,194394,141496,27079,98692,56814
209742,2015-05-26,316571,15469,188366,145989,26913,91979,56786
209742,2015-06-02,330764,15254,204206,154700,26654,98000,55684
209742,2015-06-09,319357,16288,183018,144944,28553,89304,58871
209742,2015-06-16,390932,18042,184765,143774,28955,87810,50272
209742,2015-06-23,346623,16407,243949,168494,25695,102938,38773
209742,2015-06-30,310974,20350,207430,157966,28390,76290,39236
209742,2015-07-07,296093,20665,193493,150996,27780,67604,35546
209742,2015-07-14,303999,18306,204133,154903,26895,77370,30727
209742,2015-07-21,344873,16925,226214,160642,27291,110031,46010
209742,2015-07-28,361523,17572,254657,167796,29721,115976,37204
209742,2015-08-04,353171,18738,238603,168822,29357,105370,43080
209742,2015-08-11,344511,25918,225216,159939,31121,90120,39481
209742,2015-08-18,350713,24914,229315,163758,32146,99220,44632
209742,2015-08-25,316080,43455,139342,145725,47991,71466,79277
209742,2015-09-01,295040,52514,112707,134713,45985,53301,82421
209742,2015-09-08,296107,57490,104882,133827,44743,50260,82471
209742,2015-09-15,323515,55183,121295,130198,44606,53829,65817
209742,2015-09-22,266500,24951,118894,142454,47561,51160,53660
209742,2015-09-29,260494,25362,117440,139513,54834,46684,44448
209742,2015-10-06,260686,25684,113617,145215,53191,45619,48778
209742,2015-10-13,268193,25408,123427,148894,53484,46472,47733
209742,2015-10-20,288365,26085,145786,149742,50790,64569,49433
209742,2015-10-27,324354,26530,186014,158000,46384,88483,44826
209742,2015-11-03,341687,25403,194883,163653,44059,98553,54995
209742,2015-11-10,364914,26152,219654,160794,42563,119474,57223
209742,2015-11-17,349775,28317,217262,159895,43259,104885,43644
209742,2015-11-24,337248,29167,193749,158726,41524,88582,51472
209742,2015-12-01,346572,31618,190166,161615,50984,90845,54612
209742,2015-12-08,337224,32209,175827,158216,52666,85899,59808
209742,2015-12-15,385220,25933,193007,157749,48176,93291,49845
209742,2015-12-22,307993,8378,187201,161330,47850,87143,41358
209742,2015-12-29,316070,11047,198453,164097,45260,93114,39579
209742,2016-01-05,302181,12519,169282,154280,51710,87874,41851
209742,2016-01-12,300742,16562,161148,153121,69051,84793,33330
209742,2016-01-19,277245,16480,140914,148911,69254,65472,30470
209742,2016-01-26,268896,38385,129007,127418,62081,54354,41693
209742,2016-02-02,271070,43448,118383,125484,60052,54105,53318
209742,2016-02-09,285308,54974,112693,123168,68965,57468,52423
209742,2016-02-16,269592,55913,91366,126720,70534,43949,59074
209742,2016-02-23,260667,55125,92598,125767,65785,38064,50758
209742,2016-03-01,258086,44226,105787,130096,54972,38664,46195
209742,2016-03-08,262306,49260,98792,124489,56514,44321,57052
209742,2016-03-15,277389,39679,86194,125429,53846,32962,54974
209742,2016-03-22,211397,39315,57845,94051,50538,36199,58250
209742,2016-03-29,220059,38120,70131,87692,46141,49432,63212
209742,2016-04-05,216778,41051,74557,76486,42824,54851,58409
209742,2016-04-12,224476,38322,81905,82364,46250,58706,56206
209742,2016-04-19,235390,25092,89906,82601,44014,81527,59658
209742,2016-04-26,226799,23891,81454,78787,42708,79020,63328
209742,2016-05-03,240748,57914,45982,76060,68999,64339,84297
209742,2016-05-10,233057,72543,39441,74766,71344,43428,77521
209742,2016-05-17,223775,83833,38783,64666,74220,34036,62670
209742,2016-05-24,221353,55782,38166,66425,61423,54454,72749
209742,2016-05-31,231894,30201,77642,75636,32262,83421,75397
209742,2016-06-07,243822,27771,92689,78702,33241,91376,73797
209742,2016-06-14,287606,27825,103139,73388,37533,105619,65213
209742,2016-06-21,218337,20452,101486,75587,35853,82474,42297
209742,2016-06-28,206056,30567,68276,71497,59577,68346,35234
209742,2016-07-05,200097,24946,80284,73741,31748,66316,44528
209742,2016-07-12,229036,22966,101237,79328,28610,85627,56127
209742,2016-07-19,252162,20433,128936,76229,27414,110014,54419
209742,2016-07-26,273914,19550,147688,86512,26140,122652,59194
209742,2016-08-02,284511,19855,146696,83276,26552,133656,66703
209742,2016-08-09,289203,18419,146860,85135,26841,136863,70895
209742,2016-08-16,296690,18078,144210,87137,26883,139343,74131
209742,2016-08-23,297330,19146,150171,86028,27077,141780,71702
209742,2016-08-30,305439,20946,149729,89056,26908,144181,79331
209742,2016-09-06,309012,22099,153316,88498,27040,145982,74003
209742,2016-09-13,321461,32244,115851,65941,26813,118148,75295
209742,2016-09-20,274840,23972,133134,80986,26913,123312,73104
209742,2016-09-27,297206,22205,151872,80836,26812,143483,72794
209742,2016-10-04,295870,21422,149660,81349,28993,142225,71431
209742,2016-10-11,297468,20785,150027,69777,29920,147275,69573
209742,2016-10-18,304774,21354,156905,85697,28576,150318,75954
209742,2016-10-25,316293,16807,173081,85647,28763,165582,67326
209742,2016-11-01,316487,15121,175631,71699,29732,183669,65141
209742,2016-11-08,299111,13868,157473,65442,32282,172428,64285
209742,2016-11-15,255504,32135,93757,61164,32238,112768,85033
209742,2016-11-22,250586,28811,98714,64142,30882,106962,76065
209742,2016-11-29,255284,36548,102262,65183,30282,102942,76433
209742,2016-12-06,254185,59998,85922,53233,35219,82237,74902
209742,2016-12-13,299000,45584,94260,42607,30989,94389,66663
209742,2016-12-20,221956,13037,90738,65306,25109,98732,69314
209742,2016-12-27,224401,14720,99297,61460,24362,103202,62576
209742,2017-01-03,229623,21615,93188,61153,27166,98112,65104
209742,2017-01-10,222116,22653,83651,63184,26774,89501,66707
209742,2017-01-17,225374,22208,87178,63936,26896,93345,66379
209742,2017-01-24,223472,26594,83614,58785,28124,92748,62749
209742,2017-01-31,237584,26274,97519,64615,27644,101645,66475
209742,2017-02-07,231695,30452,82826,60498,25805,93449,73569
209742,2017-02-14,228852,30119,76028,59236,25527,92128,74777
209742,2017-02-21,234577,32046,66580,55524,25608,97544,78518
209742,2017-02-28,239259,31592,68917,48140,26626,106013,79628
209742,2017-03-07,234280,31762,50465,39969,28964,98974,80823
209742,2017-03-14,304608,36636,44850,42813,31569,92449,89066
209742,2017-03-21,238636,12593,75734,74356,27678,93849,76179
209742,2017-03-28,239468,12945,82534,77676,23589,99805,75754
209742,2017-04-04,242137,13112,84839,70449,27192,105511,72156
209742,2017-04-11,248870,18437,96051,71898,26623,109079,71668
209742,2017-04-18,255345,18823,103342,67303,28412,119978,69046
209742,2017-04-25,274869,17218,114112,71824,25277,135684,74826
209742,2017-05-02,272977,20339,106876,72766,26190,125468,75850
209742,2017-05-09,269319,23588,110521,73687,25152,121642,71766
209742,2017-05-16,269961,29927,97769,71672,24797,114117,80055
209742,2017-05-23,270209,34808,99531,64572,23749,113891,81120
209742,2017-05-30,275501,30733,103405,65056,23815,122517,81995
209742,2017-06-06,316206,27349,124511,76601,30384,138828,86888
209742,2017-06-13,448235,27921,113752,65493,30545,138125,94798
209742,2017-06-20,284706,6848,113503,91270,32348,120713,76102
209742,2017-06-27,285882,15194,97146,82864,35429,124445,85312
209742,2017-07-03,292139,36742,94105,75628,39305,116522,90304
209742,2017-07-11,279925,45344,84945,72486,40107,105054,84505
209742,2017-07-18,283514,35716,83288,73798,40864,116343,85632
209742,2017-07-25,290215,40575,93249,66449,42521,125418,80400
209742,2017-08-01,292801,46047,91155,63364,39471,122180,88272
209742,2017-08-08,299774,54914,87037,62604,40532,119882,91334
209742,2017-08-15,302526,59680,78285,60561,41905,120990,95926
209742,2017-08-22,293728,72066,69157,56667,45602,98786,97366
209742,2017-08-29,290894,83178,62375,52341,46107,95658,102011
209742,2017-09-05,281453,78342,64221,52086,42308,88428,94263
209742,2017-09-12,357762,87126,71479,52176,53334,91065,89742
209742,2017-09-19,264612,47396,76043,75022,54559,85575,63964
209742,2017-09-26,267660,58323,68677,69877,56854,80790,73618
209742,2017-10-03,269830,64395,69721,67964,53116,80419,77417
209742,2017-10-10,282136,65454,75513,68391,55545,88538,76768
209742,2017-10-17,278487,62722,71545,68536,57475,87623,71317
209742,2017-10-24,279448,57235,74389,63043,52212,91957,72781
209742,2017-10-31,271964,47588,75294,64747,50431,89222,63226
209742,2017-11-07,275700,51376,76477,61575,49432,88170,60409
209742,2017-11-14,286304,55416,70851,60467,47961,95589,73785
209742,2017-11-21,294625,59771,80552,71081,55849,86668,63891
209742,2017-11-28,294553,64965,74758,71439,58335,88029,70402
209742,2017-12-05,304281,60722,68859,74458,62377,92868,87408
209742,2017-12-12,362049,68844,66763,67670,63181,81098,77383
209742,2017-12-19,275883,39508,52148,102865,60065,79423,102134
209742,2017-12-26,287695,53870,49757,90751,60561,82771,117039
209742,2018-01-02,276944,49341,50827,78236,55400,88400,106241
209742,2018-01-09,259301,44358,50041,80279,55994,75578,86872
209742,2018-01-16,274087,52843,64646,79145,56480,78975,83656
209742,2018-01-23,255968,58822,63947,74155,57012,61093,71998
209742,2018-01-30,259722,56196,67373,69443,57742,64624,64713
209742,2018-02-06,245714,51892,67854,55736,51215,73991,65550
209742,2018-02-13,230028,74618,24251,41840,67104,51384,78757
209742,2018-02-20,232293,84183,26390,43205,60721,41359,76980
209742,2018-02-27,231434,78051,38604,51754,67099,34295,55210
209742,2018-03-06,242052,74022,43123,43296,70773,48533,53149
209742,2018-03-13,294100,69616,52740,47061,69072,56631,55086
209742,2018-03-20,231638,45900,61121,75829,54240,54627,57853
209742,2018-03-27,234482,59880,51025,61161,51205,53230,66495
209742,2018-04-03,253749,72354,37532,58682,61654,58232,87844
209742,2018-04-10,242932,71780,37965,53475,62107,55595,83276
209742,2018-04-17,238235,75801,42759,46991,61633,53999,66881
209742,2018-04-24,244199,87655,27971,42855,59545,48245,89949
209742,2018-05-01,239248,84165,34213,44984,59039,45961,69821
209742,2018-05-08,235042,82520,45709,46816,56642,45701,67414
209742,2018-05-15,248298,86625,37452,51529,60757,51324,76086
209742,2018-05-22,245088,88552,38360,50019,62080,43506,83887
209742,2018-05-29,251285,85507,51761,50845,61525,46913,73505
209742,2018-06-05,259707,71115,62885,54820,59427,59203,64506
209742,2018-06-12,292508,73026,48925,49581,60399,53059,67136
209742,2018-06-19,225971,43578,52728,80217,49472,50108,69714
209742,2018-06-26,235491,48085,51434,80003,47902,51408,82817
209742,2018-07-03,242301,47581,53033,74573,53153,63902,84308
209742,2018-07-10,243295,45234,58807,77333,47408,64143,87137
209742,2018-07-17,248675,43939,69998,76602,48297,70196,79279
209742,2018-07-24,239453,48297,69026,74166,49388,59717,65312
209742,2018-07-31,239608,57424,69341,66506,49738,61198,66227
209742,2018-08-07,244972,66362,72344,69515,50045,53948,64889
209742,2018-08-14,237572,67944,71939,64704,48352,52681,59704
209742,2018-08-21,239836,67421,69458,63945,51506,52761,60297
209742,2018-08-28,246273,68954,74474,64359,53018,58996,58209
209742,2018-09-04,266283,69265,76251,86901,54903,55019,68801
209742,2018-09-11,263631,82018,68507,82302,70872,43533,67356
209742,2018-09-18,308395,82706,64001,80690,68652,34810,63453
209742,2018-09-25,247101,49326,83483,106515,51210,37814,58287
209742,2018-10-02,247207,43768,82192,104115,53679,48740,55125
209742,2018-10-09,247730,67198,67667,87516,61358,35757,60482
209742,2018-10-16,250718,79566,66069,67842,62913,48061,53886
209742,2018-10-23,254359,77081,60772,58846,60660,60037,64492
209742,2018-10-30,248265,84505,50629,52690,74834,53257,50136
209742,2018-11-06,243313,94359,38879,53859,83979,38852,51035
209742,2018-11-13,248663,95410,38890,54854,82232,38078,54982
209742,2018-11-20,256397,85192,50702,58061,85018,38966,39084
209742,2018-11-27,240730,81022,55812,53134,82319,48280,39042
209742,2018-12-04,243099,95772,44966,53629,84164,32653,47879
209742,2018-12-11,253480,93234,54963,53306,84304,47279,53809
209742,2018-12-18,272148,70140,53609,51106,75043,57295,51075
209742,2018-12-24,208265,37339,44686,49602,71257,67201,44699
209742,2018-12-31,203989,70539,36771,48361,69474,41791,44498
209742,2019-01-08,205311,91052,37060,46753,63630,28983,42487
209742,2019-01-15,208903,98242,39303,46718,60657,25174,46642
209742,2019-01-22,206783,91858,49405,49378,58475,28338,47824
209742,2019-01-29,217732,83944,54020,50229,56771,44037,50064
209742,2019-02-05,215458,83376,49922,55310,48552,33513,55560
209742,2019-02-12,215006,86048,51586,56376,64939,29682,41383
209742,2019-02-19,221601,89196,53849,59475,66327,28472,42110
209742,2019-02-26,223287,87825,54192,63077,68573,29696,42658
209742,2019-03-05,232670,94796,54476,62304,67007,27312,44877
209742,2019-03-12,257837,103710,46228,55381,69353,29119,53956
209742,2019-03-19,199340,66853,36852,64879,63480,23740,46809
209742,2019-03-26,193624,50216,46072,68311,48155,29788,47243
209742,2019-04-02,196541,55124,48433,70463,45443,24633,50789
209742,2019-04-09,201019,53701,52610,73866,43244,24834,50293
209742,2019-04-16,209067,55927,45170,72785,48587,27273,54231
209742,2019-04-23,217253,53925,49248,72989,55136,40804,54569
209742,2019-04-30,219945,53250,54133,73446,54023,43531,55959
209742,2019-05-07,208882,51656,44323,69888,53182,40976,54731
209742,2019-05-14,216460,58605,37505,67469,37823,39940,74969
209742,2019-05-21,216280,53735,47020,73184,35339,40287,71490
209742,2019-05-28,223713,54355,45479,78989,44411,39355,72971
209742,2019-06-04,222720,58465,40486,76661,47976,40475,73773
209742,2019-06-11,219921,55495,45380,82879,50336,34035,65634
209742,2019-06-18,247705,51758,52988,81600,47385,26959,54698
209742,2019-06-25,216956,29884,62435,87721,39005,48255,58462
209742,2019-07-02,209069,31643,57954,83613,37790,45989,52840
209742,2019-07-09,210823,32332,57066,80516,37290,48007,51622
209742,2019-07-16,216097,27334,59741,87650,35177,53307,60993
209742,2019-07-23,224625,37014,59482,86268,37677,53319,65471
209742,2019-07-30,228217,38729,57892,90548,38749,50046,67067
209742,2019-08-06,204915,34820,47677,94787,36471,26705,50880
209742,2019-08-13,194142,38145,42729,86488,35282,22846,49999
209742,2019-08-20,191768,44433,36135,82499,36237,18276,54442
209742,2019-08-27,200114,49229,37052,83530,40538,18772,53163
209742,2019-09-03,200086,46398,41514,83656,41465,20342,51317
209742,2019-09-10,204212,38960,46155,80006,42565,34958,54054
209742,2019-09-17,249740,35957,49915,88296,45886,42693,55044
209742,2019-09-24,202930,32505,42600,81901,44446,44709,57441
209742,2019-10-01,206517,33370,45749,85067,45150,43323,52309
209742,2019-10-08,202812,38557,39878,76449,47973,43561,51492
209742,2019-10-15,214331,34989,43102,83968,46401,52295,56128
209742,2019-10-22,218954,36680,50309,87165,44159,48148,59556
209742,2019-10-29,229678,33228,58286,91178,45389,58765,60293
209742,2019-11-05,226851,34640,55666,91500,38568,53310,65047
209742,2019-11-12,231853,33710,55271,95303,40313,54419,67284
209742,2019-11-19,232945,32184,49591,97249,38582,51824,71753
209742,2019-11-26,224422,33409,43399,98307,38167,41497,71777
209742,2019-12-03,210730,41118,38006,81196,39022,34927,61838
209742,2019-12-10,213003,45833,34706,71316,37986,37545,64521
209742,2019-12-17,276325,42973,37142,65714,42245,56441,72755
209742,2019-12-24,211094,21883,49985,83795,41957,53046,57349
209742,2019-12-31,216734,21743,57643,81146,40447,58921,58007
209742,2020-01-07,210289,21830,47504,77914,44759,54684,51020
209742,2020-01-14,215871,21929,50801,77012,37277,60052,64650
209742,2020-01-21,216925,26081,46324,77499,44071,60317,62364
209742,2020-01-28,206168,24103,47055,77879,40610,50139,54112
209742,2020-02-04,204786,34460,42286,74245,41805,41865,53258
209742,2020-02-11,207829,33813,41890,72888,49763,47331,57433
209742,2020-02-18,208321,28761,46569,70924,41607,54482,61529
209742,2020-02-25,214665,23960,67641,72148,33201,47624,45397
209742,2020-03-03,216843,25980,51877,77560,38893,49190,59888
209742,2020-03-10,220158,32054,40114,72923,54699,50039,62556
209742,2020-03-17,296271,36586,45725,59441,65875,62183,46442
209742,2020-03-24,199855,33447,65000,63431,39534,49024,40809
209742,2020-03-31,186519,35916,40543,60210,38825,38738,45848
209742,2020-04-07,183367,33060,30868,61496,39491,41939,48728
209742,2020-04-14,177937,32055,26596,65814,33990,35034,54070
209742,2020-04-21,179254,32342,28406,62232,37220,36890,54841
209742,2020-04-28,181751,33842,35009,63428,37129,34107,51789
209742,2020-05-05,184505,34688,47540,64453,31762,34810,48055
209742,2020-05-12,196564,36072,51464,69920,28919,36804,56060
209742,2020-05-19,198166,40272,40640,63880,30927,39266,65905
209742,2020-05-26,210002,39703,42314,72655,31262,40874,73602
209742,2020-06-02,209734,42270,43458,73607,32781,41064,70259
209742,2020-06-09,216274,49463,37182,72443,32855,37615,76797
209742,2020-06-16,228649,37436,45690,78374,24347,35954,75909
209742,2020-06-23,182561,13762,49004,79756,24875,41059,55853
209742,2020-06-30,194081,14381,55058,82938,24355,46851,58670
209742,2020-07-07,212535,22681,57186,82135,21790,55721,75973
209742,2020-07-14,223283,34911,47287,68793,28190,65539,88883
209742,2020-07-21,222203,49651,43445,65920,28945,52543,91702
209742,2020-07-28,220915,47419,44012,66979,28371,52329,92785
209742,2020-08-04,228566,50202,38963,67607,29412,55360,96723
209742,2020-08-11,235063,59328,40945,65736,32071,48712,98928
209742,2020-08-18,229944,42824,45096,85562,27117,40061,98485
209742,2020-08-25,234983,41479,43170,83345,28924,43198,100936
209742,2020-09-01,245148,44103,43638,82174,32209,50115,102256
209742,2020-09-08,250803,45203,40742,69136,36955,54746,78121
209742,2020-09-15,348364,79019,23801,73777,32472,64098,71579
209742,2020-09-22,332017,124962,9942,74906,32999,64101,45919
209742,2020-09-29,275596,81205,15633,70680,34360,53195,56842
209742,2020-10-06,277502,92137,19013,67902,36229,46904,54587
209742,2020-10-13,226211,41440,50961,67015,37152,45772,71387
209742,2020-10-20,219891,50495,45149,55115,37541,44716,73052
209742,2020-10-27,227676,59810,44747,54224,35507,48087,80881
209742,2020-11-03,222955,52949,39151,51595,34802,51007,84637
209742,2020-11-10,238100,57015,40712,54872,39444,59611,79611
209742,2020-11-17,238473,63201,39056,60621,34727,52350,84014
209742,2020-11-24,247258,70766,37725,63376,33726,47005,93286
209742,2020-12-01,245965,69501,39259,66517,33075,45701,93536
209742,2020-12-08,244507,59802,46008,70670,29554,45533,104704
209742,2020-12-15,276828,58768,39431,67886,31866,42220,107724
209742,2020-12-21,212706,40391,49496,76432,24490,41623,85836
209742,2020-12-29,216887,42414,43225,79630,21236,41964,98604
209742,2021-01-05,220898,43197,39997,79503,21924,45851,102932
209742,2021-01-12,232289,53308,31491,77760,24308,46853,117449
209742,2021-01-19,235051,51534,35461,79996,22686,50825,113677
209742,2021-01-26,232059,45994,39134,77792,21848,52949,107694
209742,2021-02-02,234732,44780,42666,81903,26752,48966,103787
209742,2021-02-09,234372,46910,44902,80589,25848,48331,102355
209742,2021-02-16,235353,51430,41539,72793,26006,49983,102293
209742,2021-02-23,240070,69657,34252,57138,34541,51726,103574
209742,2021-03-02,244016,86577,26127,49907,41642,48155,97593
209742,2021-03-09,253528,86221,24463,50384,54451,57779,90891
209742,2021-03-16,257385,74758,21724,53611,50700,49093,87970
209742,2021-03-23,221777,67838,23243,57748,46919,46733,84779
209742,2021-03-30,222230,71601,22754,55218,45524,45922,84645
209742,2021-04-06,214588,48222,25810,61618,42177,52895,81002
209742,2021-04-13,214302,47714,31671,58575,39171,55631,76007
209742,2021-04-20,218144,47764,44018,53222,34451,61494,71773
209742,2021-04-27,217879,60435,41638,51077,33544,53393,73358
209742,2021-05-04,237240,69189,36843,50764,37600,60277,89168
209742,2021-05-11,227436,70088,31612,50144,38936,50991,79685
209742,2021-05-18,227977,67060,30664,46795,48892,55393,74812
209742,2021-05-25,233388,73101,30379,49158,49321,53862,79533
209742,2021-06-01,238373,74907,32215,49133,51183,57404,79277
209742,2021-06-08,238155,73795,31613,55367,50964,52023,80936
209742,2021-06-15,288897,71602,34728,58831,54377,66679,86892
209742,2021-06-22,223769,52124,32900,55144,50879,62490,70153
209742,2021-06-29,224134,57434,35749,56771,45341,56697,72641
209742,2021-07-06,228288,64925,37402,61516,44342,49407,72149
209742,2021-07-13,232282,70099,37883,63194,43877,48594,77571
209742,2021-07-20,234532,55800,42385,62028,49096,61207,77431
209742,2021-07-27,234722,63603,40249,62298,46279,53698,81676
209742,2021-08-03,223043,64660,38642,63955,41591,38446,75229
209742,2021-08-10,233359,82364,35687,62488,49027,30037,77931
209742,2021-08-17,234502,85234,35513,65104,47574,29395,80419
209742,2021-08-24,227123,69889,41105,65066,43356,38426,71282
209742,2021-08-31,230598,69434,41290,64860,44172,41144,73419
209742,2021-09-07,234329,65092,43138,63395,43051,45146,74565
209742,2021-09-14,277699,59833,50404,71450,42837,48653,77642
209742,2021-09-21,222302,52309,61941,74690,44851,41480,55741
209742,2021-09-28,230609,64075,52060,69453,44818,36382,62174
209742,2021-10-05,225151,65638,50749,64135,48994,35557,57509
209742,2021-10-12,230615,66051,59154,64642,51068,41517,55648
209742,2021-10-19,237365,68092,66853,67435,42274,47404,57630
209742,2021-10-26,245510,64937,78396,66439,39731,58026,63888
209742,2021-11-02,255587,71280,85433,71353,39405,60882,63786
209742,2021-11-09,262897,70435,91500,78737,36992,61363,70161
209742,2021-11-16,264338,74300,89951,77003,36285,56569,75565
209742,2021-11-23,258727,67252,87062,75604,38980,53188,60562
209742,2021-11-30,258476,67945,86472,81474,42263,51046,58319
209742,2021-12-07,251880,63899,87713,73962,40157,50141,54417
209742,2021-12-14,269716,54921,84213,67698,39968,52818,52587
209742,2021-12-21,208070,45341,66064,71272,43901,36515,43320
209742,2021-12-28,211097,52497,69779,74926,37671,32778,48881
209742,2022-01-04,210931,44292,76702,74755,33669,35097,45095
209742,2022-01-11,220222,40419,57348,72744,47083,45935,48243
209742,2022-01-18,235810,41049,63221,74249,49458,51366,53453
209742,2022-01-25,243347,41923,72075,73024,55176,61464,47679
209742,2022-02-01,239334,69195,44207,66491,60357,43780,52157
209742,2022-02-08,233767,62585,46120,63801,63306,53194,49853
209742,2022-02-15,235945,61278,41769,63363,60616,58365,53352
209742,2022-02-22,257929,69890,53680,64606,67136,56665,57857
209742,2022-03-01,249537,73655,52456,66676,64091,54527,45619
209742,2022-03-08,248009,66169,59430,60789,62398,61795,46107
209742,2022-03-15,264733,64662,41768,58460,63051,53805,50902
209742,2022-03-22,212808,68455,16043,63260,48994,31043,70492
209742,2022-03-29,223320,73515,14835,70800,45216,31433,86160
209742,2022-04-05,232689,68107,24200,77067,39916,37633,92938
209742,2022-04-12,228302,57311,36861,72050,44129,47142,75179
209742,2022-04-19,237109,57263,43068,76385,44405,47473,72012
209742,2022-04-26,236977,52832,46126,71860,48896,48537,59896
209742,2022-05-03,226722,46593,47988,72031,48121,49744,54819
209742,2022-05-10,249921,51380,54824,71521,59957,61804,52194
209742,2022-05-17,243553,51112,50680,74683,62687,55014,52989
209742,2022-05-24,255244,62575,49490,77931,64550,51886,66349
209742,2022-05-31,263080,72535,46224,84781,62577,48239,80106
209742,2022-06-07,268293,76091,42760,79046,57498,51532,86922
209742,2022-06-14,302267,64636,45105,78178,63043,61567,81001
209742,2022-06-21,236624,38911,34604,79534,63666,52559,66582
209742,2022-06-28,248045,47022,42463,81914,61182,56558,75548
209742,2022-07-05,259449,57022,44721,79179,70241,57344,73263
209742,2022-07-12,254260,57335,31197,84162,67716,53362,82432
209742,2022-07-19,256388,57667,33864,82941,68513,54560,80168
209742,2022-07-26,267158,58975,38807,90294,66935,51502,88292
209742,2022-08-02,262325,62492,28651,87693,64132,52728,89224
209742,2022-08-09,258784,66934,22334,88895,50947,45081,99398
209742,2022-08-16,267796,65488,17126,99862,50223,44206,104853
209742,2022-08-23,262158,58272,30877,93916,54408,50101,90339
209742,2022-08-30,263641,64812,20750,87252,62262,50675,88760
209742,2022-09-06,286754,77852,18358,80092,72918,61842,96694
209742,2022-09-13,314969,92584,10621,75342,66376,53012,101049
209742,2022-09-20,271815,98360,12483,74235,74355,46345,87205
209742,2022-09-27,282054,97992,8477,74137,84831,51285,83312
209742,2022-10-04,272171,87622,9984,71489,84687,50625,70637
209742,2022-10-11,281284,78780,12213,78991,82555,57979,77822
209742,2022-10-18,274388,73306,18677,78545,78681,58125,71437
209742,2022-10-25,281590,78882,17450,81202,73721,59536,92800
209742,2022-11-01,282466,81825,17901,78807,69758,59164,91130
209742,2022-11-08,273054,77222,17493,77131,68750,55002,89105
209742,2022-11-15,268428,70255,32778,80205,56465,50543,88483
209742,2022-11-22,252712,62439,32731,78435,57571,48654,76002
209742,2022-11-29,254245,67093,32427,76706,60890,47659,78138
209742,2022-12-06,250102,62693,33455,80681,60357,45490,77637
209742,2022-12-13,312984,64069,34945,80650,61006,44423,75194
209742,2022-12-20,245045,53807,42983,79662,68658,54712,62794
209742,2022-12-27,250781,57119,39875,77709,68324,55492,70797
209742,2023-01-03,244658,49729,41408,74060,68315,58604,60419
209742,2023-01-10,253625,57402,46310,80035,62578,58130,70408
209742,2023-01-17,275015,67087,45495,85630,57478,62729,80707
209742,2023-01-24,273887,68143,43761,88155,52070,58034,87343
209742,2023-01-31,278449,73016,48610,89321,51290,61614,89943
209742,2023-02-07,279306,71879,51959,88290,39391,67375,106342
209742,2023-02-14,276184,78647,42734,83332,37354,58982,104828
209742,2023-02-21,268297,75857,40071,75605,42130,58301,93137
209742,2023-02-28,268253,76744,36907,73978,49795,58658,89854
209742,2023-03-07,260810,70161,31962,71463,47212,59788,87644
209742,2023-03-14,306461,61692,31013,73935,53880,65156,71184
209742,2023-03-21,214876,43438,18463,74903,50562,43411,73840
209742,2023-03-28,220074,46923,18398,74720,50400,41075,81969
209742,2023-04-04,232186,42278,28338,69137,36464,46145,90486
209742,2023-04-11,237470,40601,37534,79593,39338,48720,84931
209742,2023-04-18,245059,41477,37587,81209,42596,54568,86193
209742,2023-04-25,247654,40422,41907,79224,38074,51598,87590
209742,2023-05-02,246962,36256,41188,81803,38832,49879,84684
209742,2023-05-09,255173,34579,44637,82681,38373,56710,87392
209742,2023-05-16,273355,41301,51628,88753,37925,63768,95174
209742,2023-05-23,275175,43591,55598,90766,32184,64099,101252
209742,2023-05-30,298403,44623,60479,93268,28824,70871,115887
209742,2023-06-06,306736,43256,68172,95183,23056,74167,117233
209742,2023-06-13,322087,48578,58364,92267,21853,59597,103639
209742,2023-06-20,247591,36909,73518,92743,25816,53997,71384
209742,2023-06-27,256666,40690,72091,90214,25455,51929,77563
209742,2023-07-03,248698,36635,64746,90950,28692,46809,80314
209742,2023-07-11,259491,39593,67485,91820,28126,48690,85525
209742,2023-07-18,264119,37720,75395,96025,24979,52174,84284
209742,2023-07-25,260623,44825,72457,94651,30938,44967,85132
209742,2023-08-01,262908,47734,61088,95570,30815,44192,98062
209742,2023-08-08,267797,52707,62485,93470,27381,44518,101156
209742,2023-08-15,267495,51602,67705,91336,28898,45788,81138
209742,2023-08-22,263420,50150,61876,84561,29117,46240,74750
209742,2023-08-29,265968,52030,62612,87566,24112,50504,77544
209742,2023-09-05,274701,57498,62120,86327,25255,55291,82511
209742,2023-09-12,303321,52876,57386,81069,30492,48275,77439
209742,2023-09-19,236252,41750,73138,87818,19513,45970,65430
209742,2023-09-26,241018,44788,67322,84538,26015,41194,69386
209742,2023-10-03,254924,46979,70851,81295,32429,45271,65202
209742,2023-10-10,256528,47724,76413,83103,26766,42670,60851
209742,2023-10-17,256786,44440,80733,84676,23093,45427,59306
209742,2023-10-24,253055,51220,75249,85950,24944,47805,61689
209742,2023-10-31,259306,59692,72594,80190,34507,50596,59168
209742,2023-11-07,268597,49941,86287,88298,23030,61816,51674
209742,2023-11-14,273787,47225,100185,100730,16433,46141,51049
209742,2023-11-21,284312,49906,110335,109690,16983,43581,52647
209742,2023-11-28,293315,53035,119748,111274,15948,46913,49046
209742,2023-12-05,277746,54064,108214,107327,17805,46370,72326
209742,2023-12-12,337236,59632,97900,99764,18643,54937,95751
209742,2023-12-19,276654,58391,105213,109265,20143,44763,89538
209742,2023-12-26,278055,57515,107159,110160,19524,48289,92731
209742,2024-01-02,272832,48210,106212,115669,26698,46998,81924
209742,2024-01-09,277732,48814,102635,114263,26154,51636,87809
209742,2024-01-16,273460,47900,98079,112243,26608,55243,89270
209742,2024-01-23,289392,53483,115185,117894,23690,57307,93684
209742,2024-01-30,294510,51367,127131,122529,25136,60992,87647
209742,2024-02-06,285062,47235,118545,120557,24425,56079,89201
209742,2024-02-13,295946,47737,121608,121232,21449,61123,98093
209742,2024-02-20,287130,45838,112052,117737,22345,58626,93252
209742,2024-02-27,288075,45535,103597,115900,22499,58410,106124
209742,2024-03-05,289047,54594,92397,107847,25540,53263,109546
209742,2024-03-12,331912,52001,83338,107944,24812,57635,122592
209742,2024-03-19,250194,28419,73811,108027,20817,54889,91538
209742,2024-03-26,254474,37121,78108,106794,23599,53764,100006
209742,2024-04-02,259439,37901,78717,105990,23451,53391,96408
209742,2024-04-09,260430,36149,83634,108088,17696,50437,92245
209742,2024-04-16,255698,30830,72552,107558,18746,47751,96158
209742,2024-04-23,256222,30069,76086,104111,20794,48332,92589
209742,2024-04-30,253154,33078,66569,96683,22507,45119,96418
209742,2024-05-07,235162,28724,62116,99007,18613,42643,90577
209742,2024-05-14,248611,37760,65066,100120,18097,43840,98807
209742,2024-05-21,249754,32176,71254,104579,18897,42742,82648
209742,2024-05-28,254317,32319,78439,110778,19326,40340,85768
209742,2024-06-04,246536,31466,74080,107555,22693,35214,72013
209742,2024-06-11,258002,45292,74380,104253,22448,36718,83929
209742,2024-06-18,334035,36489,66045,100894,24825,42251,99864
209742,2024-06-25,246417,27331,82955,108644,20811,41822,82230
209742,2024-07-02,258776,27820,89869,108041,23073,45611,89413
209742,2024-07-09,264298,32556,93063,112226,25600,41381,89388
209742,2024-07-16,256571,24315,91716,112747,24887,39874,82573
209742,2024-07-23,243913,19134,88487,103709,28175,39105,71478
209742,2024-07-30,256592,18515,98543,102423,30397,38411,69285
209742,2024-08-06,249366,16885,105996,96589,26567,35061,69129
209742,2024-08-13,244061,20157,95689,95500,24906,27952,73278
209742,2024-08-20,244230,28322,85499,95604,24908,27735,83485
209742,2024-08-27,244523,27784,97072,95771,22930,27872,75488
209742,2024-09-03,254089,31002,102851,88481,22064,26818,74640
209742,2024-09-10,259424,29593,104530,82071,24075,34157,69636
209742,2024-09-17,267450,32186,97288,76900,22998,24118,78630
209742,2024-09-24,227746,33555,92593,85670,21153,26508,72809
209742,2024-10-01,234108,35488,90052,91944,23223,23798,74932
209742,2024-10-08,250139,35526,90729,94275,22536,31188,85147
209742,2024-10-15,241191,41325,85557,93147,24423,28919,83858
209742,2024-10-22,245897,50257,92966,93220,23909,30615,78317
209742,2024-10-29,257382,46607,100554,93298,24107,41465,83795
209742,2024-11-05,252753,45026,105948,93437,25939,36844,75555
209742,2024-11-12,277197,48248,113620,101654,24693,39192,87654
209742,2024-11-19,275071,50126,125350,100560,23470,36369,75604
209742,2024-11-26,275658,55087,124515,100730,24546,37393,82327
209742,2024-12-03,293572,56364,128481,103761,24551,45128,95752
209742,2024-12-10,291787,48294,129171,102609,23160,45619,92847
209742,2024-12-17,324728,44910,119247,97744,26080,46081,100499
209742,2024-12-24,246014,29442,99153,93657,28200,35424,79764
209742,2024-12-31,252471,29736,114262,97191,28566,40614,72668
209742,2025-01-07,241165,31364,94000,95537,30317,37329,76409
209742,2025-01-14,253879,31410,94423,98754,33234,44226,81635
209742,2025-01-21,254361,32931,96574,96783,35773,40151,80303
209742,2025-01-28,267882,32193,85233,100698,41626,44031,93956
209742,2025-02-04,259061,34956,83161,100914,41668,42084,90836
209742,2025-02-11,263509,38275,84534,106956,41743,39736,92040
209742,2025-02-18,289760,42759,89229,109185,42730,40127,108348
209742,2025-02-25,286114,35302,110037,103665,45133,56135,84006
209742,2025-03-04,288147,30430,113543,98027,49497,66893,78548
209742,2025-03-11,303084,31452,123584,89490,51022,79012,74346
209742,2025-03-18,301517,33981,99974,83175,49232,67212,66155
209742,2025-03-25,224189,42142,63762,89845,50112,30225,66115
209742,2025-04-01,247658,40641,77881,92734,45284,48832,79374
209742,2025-04-08,254563,37898,84731,86968,49741,67920,62300
209742,2025-04-15,235406,43320,75399,87831,48006,50242,63635
209742,2025-04-22,242084,44889,80519,84823,51147,55399,55727
209742,2025-04-29,246874,53516,66022,83296,43576,51301,77657
209742,2025-05-06,258249,56739,58754,81590,40481,58695,95365
209742,2025-05-13,283667,73693,59349,84784,41464,63527,117514
209742,2025-05-20,279368,73255,60448,87928,38586,59596,112289
209742,2025-05-27,275143,62286,63328,90050,38667,59208,106976
209742,2025-06-03,277034,60145,68881,93035,38773,55854,106034
209742,2025-06-10,276888,63054,76121,92286,38602,57702,98617
209742,2025-06-17,311779,57205,72664,94954,39512,55516,100288
209742,2025-06-24,253330,46925,84219,89165,39187,48555,80565
209742,2025-07-01,265393,47980,108725,90477,35431,58273,73957
209742,2025-07-08,270422,47206,117968,93003,31617,58579,69668
209742,2025-07-15,271661,48891,119581,98504,30303,54088,74562
209742,2025-07-22,270972,49992,116122,96346,30929,49469,73398
209742,2025-07-29,281762,54789,120073,103535,30272,61680,83165
209742,2025-08-05,277507,45337,126578,107468,30906,58687,73312
209742,2025-08-12,303576,52665,132212,116980,34716,70831,87121
209742,2025-08-19,289577,52458,132352,114540,31552,56969,75708
209742,2025-08-26,284355,49753,132377,111116,30939,61174,78075
209742,2025-09-02,282221,50329,119227,108407,32785,64181,82811
209742,2025-09-09,296970,50200,118863,114177,34186,70821,95846
209742,2025-09-16,351421,55367,122744,114781,32908,75090,99094
209742,2025-09-23,274695,47760,108021,111251,33195,50088,76172
209742,2025-09-30,278188,43505,133340,111777,32065,61911,63535
209742,2025-10-07,285401,46502,134353,117009,32809,59939,67153
209742,2025-10-14,278830,41842,130857,113663,30226,53450,58547
209742,2025-10-21,289838,45535,141735,115878,33745,61437,59393
209742,2025-10-28,299186,50265,144804,114585,38316,68182,57008
209742,2025-11-04,292709,45743,148276,111689,31712,62702,53572
209742,2025-11-10,296639,46162,151993,108326,34472,74313,56694
209742,2025-11-18,299587,45443,151289,109657,32135,73714,63331
209742,2025-11-25,296684,44649,145117,110973,33817,76011,66340
209742,2025-12-02,308211,54145,145134,109798,32878,78215,81255
209742,2025-12-09,325383,66064,143258,111562,31345,76097,97403
209742,2025-12-16,378693,43628,135455,112028,31546,83876,90850
209742,2025-12-23,265616,36258,120095,107257,30935,60357,75499
209742,2025-12-30,276539,43983,122714,112043,30842,59039,84713
209742,2026-01-06,274253,37189,125127,112406,31245,60236,78687
209742,2026-01-13,278878,45989,130169,112990,28648,58656,81404
209742,2026-01-20,267118,39811,111471,109603,29621,54022,81034
209742,2026-01-27,260759,38264,119675,109031,29674,54689,71527
209742,2026-02-03,268823,38306,116803,107944,35620,58197,69577
209742,2026-02-10,263282,41453,117273,106340,34193,56269,64870
209742,2026-02-17,272951,39131,112852,108770,34929,63852,73168
209742,2026-02-24,270599,48059,108357,106213,36919,56133,72687
209742,2026-03-03,273307,51171,96563,102985,35402,55905,77694
209742,2026-03-10,259842,46264,86931,100576,36155,53057,78224
209742,2026-03-17,300943,48890,82853,96720,36469,51381,82843
209742,2026-03-24,235906,46512,65954,91326,41056,47003,86382
209742,2026-03-31,245322,47832,75585,96769,39119,47382,84485
209742,2026-04-07,246794,52605,73732,94617,37036,47521,86349
209742,2026-04-14,260197,51423,83979,106090,29785,44471,94138
209742,2026-04-21,267620,46538,102805,114615,30324,43848,82848
209742,2026-04-28,275963,49860,103829,114854,36156,45417,81367
209742,2026-05-05,287657,53418,114018,117433,32301,51944,88044
209742,2026-05-12,287752,57252,101254,118058,27840,47277,99319
209742,2026-05-19,293186,51640,110510,120129,27828,55696,101067
209742,2026-05-26,302990,61230,106252,117374,32311,52861,104540
209742,2026-06-02,314972,73912,104591,116161,37070,57156,110806
209742,2026-06-09,305568,56113,103454,114627,31260,68287,102593
209742,2026-06-16,344441,65939,109912,107695,37372,66996,95150
209742,2026-06-23,265083,69190,87997,98769,35861,42052,93114
209742,2026-06-30,278558,77804,80900,102755,35445,36796,105413
209742,2026-07-07,285086,65313,95557,111434,32464,49681,104694
209742,2026-07-14,284971,74318,85345,106744,32681,47577,111740
